n_inputs = 2
n_outputs = 1
n_hiddenLayers = 0
neuronsInHidden = []
target = [[1], [0], [0], [0]]
rateOfLearning = .2890
max_iterations = 15000
error_threshhold = 0.09
input = [[1, 1], [1, 0], [0, 1], [0, 0]]
lineNumForNet = 2

2013-06-12 05:40:32.529699 : 0


2013-06-21 16:01:10.461890 : 1

2013-06-21 16:23:33.923764 : 2